! aaaa
0.01 0.285544319
0.02 0.556811422
0.03 0.813801309
0.04 1.05651398
0.05 1.28494943
0.06 1.499107674
0.07 1.698988697
0.08 1.884592504
0.09 2.055919096
0.1 2.212968471
0.11 2.355740631
0.12 2.484235574
0.13 2.598453302
0.14 2.698393813
0.15 2.784057109
0.16 2.855443189
0.17 2.912552052
0.18 2.9553837
0.19 2.983938132
0.2 2.998215348
0.21 2.998215348
0.22 2.983938132
0.23 2.9553837
0.24 2.912552052
0.25 2.855443189
0.26 2.784057109
0.27 2.698393813
0.28 2.598453302
0.29 2.484235574
0.3 2.355740631
0.31 2.212968471
0.32 2.055919096
0.33 1.884592504
0.34 1.698988697
0.35 1.499107674
0.36 1.284949435
0.37 1.0565139
0.38 0.813801309
0.39 0.556811422
0.4 0.285544319
0.41 0